Temperatura, Magnetizacion promedio superior, Magnetizacion promedio inferior, Energia promedio, Calor especifico, Susceptibilidad magnetica
0.5, -1.0, 1.0, -1.96875, 0.0, 0.0
1, -0.983083740234375, 0.983083740234375, -1.958002197265625, 0.1091469443359375, 3.4368820997769947e-09
1.5, -0.941534912109375, 0.941534912109375, -1.87032958984375, 0.805687109375, 7.186897535575553e-09
2, -0.800206787109375, 0.800206787109375, -1.53690478515625, 11.13292962792969, 3.056132553138013e-08
2.25, -0.602253662109375, 0.602253662109375, -1.242246337890625, 38.16350750752315, 2.233780420911326e-07
2.5, -0.3975166015625, 0.3975166015625, -0.96568603515625, 48.735870546875006, 3.798199352063239e-07
2.75, -0.26166357421875, 0.26166357421875, -0.78005029296875, 51.367912268078506, 4.730969503144772e-07
3, -0.1695556640625, 0.1695556640625, -0.64386669921875, 42.25187486067708, 3.8116093977199247e-07
3.5, -0.105859619140625, 0.105859619140625, -0.4778359375, 28.814365859693876, 2.1152089252457381e-07
4, -0.07018115234375, 0.07018115234375, -0.36901953125, 19.63359521386719, 1.3074269670869397e-07
4.5, -0.057630126953125, 0.057630126953125, -0.29243505859375, 14.874995438078699, 8.109705615752767e-08
5, -0.056204833984375, 0.056204833984375, -0.23748583984375, 11.436645993593752, 5.773137229698477e-08
5.5, -0.05243798828125, 0.05243798828125, -0.19244189453125, 9.113487262267562, 4.223147065721236e-08
6, -0.04580712890625, 0.04580712890625, -0.1573544921875, 7.485117388888887, 3.35274655751871e-08
